100723
100723
100732
100738
100742
100747
100751
100762
100769
100783
100793
100803
100815
100829
100845
100856
100869
100884
100890
100908
100919
100930
100933
100945
100954
100957
100959
100963
100966
100971
100976
100983
100988
100997
101007
101020
101038
101063
101066
101073
101080
101100
101116
101140
101152
101162
101175
101180
101182
101189
101193
101196
101197
101207
101220
101224
101239
101259
101267
101279
101298
101318
101327
101337
101357
101376
101398
101405
101419
101433
101441
101447
101452
101454
101456
101460
101466
101470
101478
101491
101505
101524
101541
101551
101586
101602
101610
101621
101633
101652
101666
101679
101694
101708
101726
101746
101756
101759
101762
101765
101770
101779
101795
101807
101818
101837
101851
101876
101908
101917
101933
101949
