232459
232459
232473
232502
232513
232521
232532
232547
232564
232577
232590
232604
232635
232664
232678
232704
232738
232768
232757
232786
232808
232832
232845
232864
232871
232875
232891
232932
232942
232947
232959
232976
232993
233014
233033
233051
233081
233114
233080
233103
233129
233152
233125
233169
233219
233264
233286
233309
233321
233327
233332
233354
233364
233380
233394
233411
233433
233463
233484
233462
233499
233522
233547
233584
233606
233569
233602
233624
233656
233695
233718
233730
233737
233742
233748
233760
233778
233809
233830
233844
233879
233917
233941
233962
234001
234024
233996
234019
234044
234029
234052
234085
234112
234151
234181
234195
234199
234220
234255
234263
234273
234287
234300
234330
234344
234370
234393
234430
234473
234532
234573
234597
