326254
326261
326338
326397
326472
326531
326609
326689
326786
326864
326971
327063
327187
327358
327429
327553
327679
327809
327949
328111
328215
328355
328385
328538
328592
328639
328674
328730
328789
328842
328903
328973
329074
329159
329237
329314
329459
329589
329662
329746
329846
329992
330121
330266
330437
330562
330667
330770
330812
330851
330901
330955
331026
331094
331187
331270
331358
331452
331557
331640
331823
331941
332019
332110
332217
332338
332465
332582
332697
332820
332911
332993
333038
333088
333119
333176
333248
333343
333454
333570
333666
333793
333923
334030
334290
334414
334507
334615
334757
334889
335057
335214
335323
335416
335494
335541
335565
335596
335650
335695
335755
335820
335901
335983
336062
336170
336286
336394
336552
336633
336730
336842
