88227
88227
88232
88238
88245
88250
88253
88268
88274
88288
88300
88313
88331
88349
88366
88376
88389
88380
88383
88402
88414
88436
88440
88452
88461
88464
88468
88473
88477
88483
88490
88496
88509
88520
88530
88540
88562
88584
88570
88578
88587
88600
88598
88612
88628
88649
88669
88676
88688
88694
88696
88696
88700
88708
88721
88734
88748
88757
88776
88767
88799
88816
88826
88841
88855
88865
88884
88904
88925
88937
88950
88957
88969
88975
88976
88978
88982
88989
89000
89014
89032
89061
89072
89088
89109
89119
89120
89132
89145
89153
89165
89185
89202
89210
89228
89238
89249
89253
89258
89259
89264
89274
89281
89286
89300
89290
89308
89321
89354
89358
89371
89387
