210048
210049
210061
210067
210077
210087
210100
210115
210132
210151
210170
210195
210217
210257
210273
210293
210312
210336
210366
210392
210418
210432
210441
210473
210485
210491
210498
210506
210514
210519
210535
210546
210564
210587
210609
210631
210658
210688
210709
210729
210744
210770
210813
210845
210872
210901
210929
210946
210959
210966
210973
210979
210991
211013
211030
211052
211074
211098
211121
211140
211180
211200
211212
211239
211266
211303
211319
211342
211368
211400
211424
211438
211450
211457
211460
211463
211472
211485
211508
211530
211554
211586
211602
211621
211662
211685
211713
211730
211751
211771
211799
211828
211854
211875
211892
211910
211915
211919
211925
211927
211936
211950
211971
211988
212013
212032
212050
212075
212110
212126
212149
212173
