200286
200286
200311
200329
200355
200378
200405
200430
200448
200463
200486
200504
200535
200571
200595
200637
200674
200586
200508
200548
200575
200600
200610
200635
200645
200653
200661
200682
200713
200729
200773
200808
200828
200856
200883
200915
200969
201030
200990
201016
201041
201075
200874
200900
200934
200966
200994
201017
201027
201038
201049
201067
201096
201121
201146
201169
201190
201213
201233
201197
201255
201283
201294
201317
201335
201229
201256
201292
201315
201357
201379
201396
201412
201419
201425
201439
201463
201486
201509
201537
201571
201602
201621
201647
201695
201729
201742
201693
201737
201778
201783
201820
201848
201866
201890
201905
201922
201951
201964
201974
201986
202002
202016
202038
202032
202061
202088
202125
202175
202184
202200
202219
