119679
119680
119692
119700
119707
119716
119726
119736
119747
119761
119774
119791
119812
119834
119845
119854
119871
119888
119901
119920
119937
119959
119969
119991
120001
120004
120007
120010
120018
120023
120032
120041
120059
120080
120094
120110
120134
120153
120156
120168
120269
120609
120954
121245
121534
121770
121909
122016
122076
122116
122147
122198
122256
122343
122429
122507
122615
122752
122869
122967
123179
123293
123368
123462
123572
123705
123816
123920
124020
124092
124146
124182
124217
124235
124255
124279
124307
124349
124411
124468
124539
124608
124665
124712
124840
124926
124976
125035
125111
125197
125276
125357
125415
125459
125518
125542
125559
125568
125578
125594
125622
125660
125706
125755
125808
125861
125903
125965
126044
126075
126112
126155
