111648
111648
111652
111658
111666
111671
111680
111685
111690
111700
111712
111725
111739
111753
111763
111775
111783
111793
111805
111820
111831
111843
111847
111863
111868
111870
111875
111878
111883
111893
111899
111908
111929
111938
111949
111956
111967
111988
111997
112001
112013
112027
112050
112060
112084
112101
112112
112124
112128
112131
112135
112136
112140
112149
112161
112174
112184
112205
112222
112244
112267
112277
112284
112297
112308
112319
112338
112358
112375
112386
112406
112417
112422
112429
112430
112430
112433
112436
112445
112459
112473
112492
112502
112512
112548
112564
112577
112594
112613
112635
112659
112681
112701
112728
112739
112751
112756
112762
112770
112772
112779
112786
112798
112810
112822
112843
112857
112872
112900
112914
112927
112942
