277715
277719
277760
277778
277802
277819
277840
277856
277874
277893
277910
277939
277973
278004
278021
278035
278061
278074
278060
278090
278112
278135
278145
278178
278198
278213
278224
278239
278253
278273
278288
278311
278335
278369
278394
278429
278465
278503
278499
278510
278541
278569
278596
278620
278654
278684
278701
278718
278727
278732
278742
278758
278771
278785
278804
278829
278853
278878
278900
278844
278885
278920
278939
278965
279002
279031
279071
279101
279133
279150
279164
279171
279184
279197
279208
279220
279229
279243
279273
279295
279318
279352
279384
279408
279449
279476
279427
279438
279462
279491
279523
279556
279571
279592
279608
279618
279631
279634
279637
279644
279656
279671
279693
279715
279619
279649
279677
279712
279756
279768
279794
279815
