101636
101636
101641
101645
101649
101654
101661
101664
101671
101676
101682
101688
101701
101711
101717
101722
101732
101735
101742
101750
101754
101759
101763
101772
101777
101780
101782
101785
101790
101794
101797
101803
101810
101814
101826
101837
101846
101857
101854
101865
101879
101891
101906
101914
101921
101932
101936
101940
101944
101948
101949
101952
101955
101962
101974
101983
101992
102000
102013
102018
102026
102036
102045
102055
102061
102065
102074
102081
102093
102105
102114
102119
102125
102126
102127
102130
102136
102140
102148
102155
102171
102190
102199
102206
102223
102233
102239
102238
102245
102257
102264
102272
102280
102284
102290
102292
102297
102298
102300
102301
102305
102310
102316
102319
102318
102328
102334
102339
102348
102353
102358
102367
