237182
237183
237192
237202
237214
237229
237251
237280
237309
237354
237398
237422
237461
237500
237517
237543
237575
237597
237630
237676
237710
237752
237762
237799
237813
237829
237837
237853
237864
237878
237896
237915
237928
237963
237992
238014
238056
238098
238087
238123
238170
238195
238225
238251
238291
238318
238350
238371
238385
238394
238399
238412
238430
238455
238480
238504
238550
238575
238610
238623
238722
238781
238799
238828
238856
238872
238922
238954
238999
239023
239041
239055
239074
239083
239092
239101
239114
239131
239160
239191
239223
239256
239277
239304
239368
239415
239453
239498
239537
239540
239591
239622
239649
239681
239718
239734
239748
239756
239773
239789
239804
239818
239848
239880
239875
239914
239955
239997
240051
240075
240106
240146
