197413
197413
197418
197423
197428
197435
197442
197454
197463
197471
197483
197500
197517
197538
197552
197565
197576
197600
197608
197628
197641
197660
197663
197684
197687
197694
197702
197707
197720
197723
197729
197738
197749
197766
197776
197792
197817
197836
197834
197847
197857
197880
197905
197921
197942
197957
197968
197982
197992
197998
198005
198006
198017
198028
198036
198042
198054
198067
198083
198091
198123
198147
198155
198167
198180
198205
198222
198242
198255
198276
198288
198301
198308
198312
198314
198316
198323
198334
198348
198368
198388
198413
198424
198437
198476
198489
198496
198512
198531
198551
198570
198581
198594
198613
198632
198645
198651
198656
198660
198665
198671
198675
198684
198696
198715
198720
198732
198750
198761
198770
198787
198796
