136523
136523
136532
136538
136543
136554
136560
136573
136584
136599
136606
136615
136632
136664
136681
136688
136703
136723
136744
136765
136785
136813
136818
136834
136845
136850
136856
136863
136867
136876
136885
136892
136911
136926
136937
136951
136974
137003
137011
137022
137034
137062
137087
137115
137147
137171
137189
137203
137218
137230
137237
137240
137246
137267
137290
137302
137317
137349
137376
137402
137442
137480
137494
137521
137543
137568
137573
137592
137616
137649
137661
137671
137682
137689
137693
137702
137713
137728
137745
137765
137792
137820
137828
137847
137884
137903
137918
137935
137948
137955
137976
137995
138015
138028
138044
138049
138055
138060
138063
138070
138079
138089
138101
138123
138135
138149
138171
138191
138212
138224
138244
138255
