1109810
1109810
1109914
1110042
1110174
1110311
1110448
1110592
1110739
1110916
1111131
1111343
1111589
1111983
1112112
1112337
1112582
1112917
1113228
1113554
1113779
1114054
1114121
1114396
1114517
1114591
1114654
1114776
1114920
1115046
1115158
1115300
1115451
1115635
1115793
1115976
1116315
1116642
1116796
1116944
1117193
1117443
1117765
1118047
1118315
1118585
1118823
1119005
1119138
1119207
1119279
1119380
1119499
1119634
1119795
1119960
1120173
1120396
1120631
1120833
1121243
1121453
1121585
1121786
1121989
1122228
1122499
1122733
1122972
1123226
1123379
1123548
1123652
1123713
1123784
1123875
1123990
1124109
1124247
1124431
1124655
1124872
1125079
1125251
1125684
1125914
1126078
1126250
1126432
1126664
1126879
1127142
1127354
1127528
1127655
1127756
1127807
1127844
1127897
1127967
1128090
1128201
1128339
1128510
1128712
1128895
1129051
1129220
1129463
1129597
1129738
1129908
