364427
364428
364447
364461
364476
364502
364522
364543
364567
364597
364629
364659
364698
364754
364784
364815
364855
364906
364934
364998
365039
365082
365095
365140
365149
365156
365163
365182
365197
365207
365228
365248
365285
365323
365353
365387
365430
365492
365507
365536
365574
365633
365694
365756
365810
365857
365892
365931
365961
365972
365983
365996
366017
366048
366079
366106
366146
366185
366223
366253
366326
366375
366403
366442
366481
366518
366559
366599
366642
366684
366711
366733
366745
366764
366785
366804
366812
366845
366880
366922
366967
367018
367054
367091
367172
367221
367255
367278
367320
367379
367435
367485
367525
367566
367592
367616
367637
367656
367661
367673
367701
367722
367763
367810
367855
367909
367943
367977
368056
368084
368121
368162
